 53  53  53  53  53  53  53  53  53  53  53  53  53  53  53  53
 53  53  53  53  53  53  53  53  53  53  53  53  53  53  53  53
 53  53 132 179 179 179 100  53  53 100 179 179 179 132  53  53
 53  53 179 255 233  78  62  53  53  62  78 233 255 179  53  53
 53  53 179 233  53  53  53  53  53  53  53  53 233 179  53  53
 53  53 179  78  53  53 100 129 129 101  53  53  78 179  53  53
 53  53 100  62  53 100 227 255 255 227 101  53  62 100  53  53
 53  53  53  53  53 129 255 255 255 255 160  59  53  53  53  53
 53  53  53  53  53 129 255 255 255 255 194  66  53  53  53  53
 53  53 100  62  53 101 227 255 255 248 121  53  62 100  53  53
 53  53 179  78  53  53 101 166 198 121  74  53  78 179  53  53
 53  53 179 233  53  53  53  60  67  53  53  53 233 179  53  53
 53  53 179 255 233  78  62  53  53  62  78 233 255 179  53  53
 53  53 132 179 179 179 100  53  53 100 179 179 179 132  53  53
 53  53  53  53  53  53  53  53  53  53  53  53  53  53  53  53
 53  53  53  53  53  53  53  53  53  53  53  53  53  53  53  53
 49  49  49  49  49  49  49  49  49  49  49  49  49  49  49  49
 49  49  49  49  49  49  49  49  49  49  49  49  49  49  49  49
 49  49 129 177 177 177  97  49  49  97 177 177 177 129  49  49
 49  49 177 254 232  75  59  49  49  59  75 232 254 177  49  49
 49  49 177 232  49  49  49  49  49  49  49  49 232 177  49  49
 49  49 177  75  49  49  97 126 126  97  49  49  75 177  49  49
 49  49  97  59  49  97 225 254 254 226  97  49  59  97  49  49
 49  49  49  49  49 126 254 254 254 254 163  56  49  49  49  49
 49  49  49  49  49 126 254 254 254 254 196  63  49  49  49  49
 49  49  97  59  49  97 226 254 254 247 119  49  59  97  49  49
 49  49 177  75  49  49  97 169 201 119  71  49  75 177  49  49
 49  49 177 232  49  49  49  58  64  49  49  49 232 177  49  49
 49  49 177 254 232  75  59  49  49  59  75 232 254 177  49  49
 49  49 129 177 177 177  97  49  49  97 177 177 177 129  49  49
 49  49  49  49  49  49  49  49  49  49  49  49  49  49  49  49
 49  49  49  49  49  49  49  49  49  49  49  49  49  49  49  49
 30  30  30  30  30  30  30  30  30  30  30  30  30  30  30  30
 30  30  30  30  30  30  30  30  30  30  30  30  30  30  30  30
 30  30 117 169 169 169  82  30  30  82 169 169 169 117  30  30
 30  30 169 252 228  58  40  30  30  40  58 228 252 169  30  30
 30  30 169 228  30  30  30  30  30  30  30  30 228 169  30  30
 30  30 169  58  30  30  82 113 113  83  31  30  58 169  30  30
 30  30  82  40  30  82 221 252 252 221  83  30  40  82  30  30
 30  30  30  30  30 113 252 252 252 252 167  41  30  30  30  30
 30  30  30  30  30 113 252 252 252 252 200  47  30  30  30  30
 30  30  82  40  30  83 221 252 252 245 106  30  40  82  30  30
 30  30 169  58  30  31  83 174 204 106  54  30  58 169  30  30
 30  30 169 228  30  30  30  42  48  30  30  30 228 169  30  30
 30  30 169 252 228  58  40  30  30  40  58 228 252 169  30  30
 30  30 117 169 169 169  82  30  30  82 169 169 169 117  30  30
 30  30  30  30  30  30  30  30  30  30  30  30  30  30  30  30
 30  30  30  30  30  30  30  30  30  30  30  30  30  30  30  30

 53  53  53  53  53  53  53  53  53  53  53  53  53  53  53  53
 53  53  53  53  53  53  53  53  53  53  53  53  53  53  53  53
 53  53 132 179 179 179 100  53  53 100 179 179 179 132  53  53
 53  53 179 255 233  78  62  53  53  62  78 233 255 179  53  53
 53  53 179 233  53  53  53  59  66  53  53  53 233 179  53  53
 53  53 179  78  53  53 101 160 194 121  74  53  78 179  53  53
 53  53 100  62  53 101 227 255 255 248 121  53  62 100  53  53
 53  53  53  53  53 129 255 255 255 255 198  67  53  53  53  53
 53  53  53  53  53 129 255 255 255 255 166  60  53  53  53  53
 53  53 100  62  53 100 227 255 255 227 101  53  62 100  53  53
 53  53 179  78  53  53 100 129 129 101  53  53  78 179  53  53
 53  53 179 233  53  53  53  53  53  53  53  53 233 179  53  53
 53  53 179 255 233  78  62  53  53  62  78 233 255 179  53  53
 53  53 132 179 179 179 100  53  53 100 179 179 179 132  53  53
 53  53  53  53  53  53  53  53  53  53  53  53  53  53  53  53
 53  53  53  53  53  53  53  53  53  53  53  53  53  53  53  53
 49  49  49  49  49  49  49  49  49  49  49  49  49  49  49  49
 49  49  49  49  49  49  49  49  49  49  49  49  49  49  49  49
 49  49 129 177 177 177  97  49  49  97 177 177 177 129  49  49
 49  49 177 254 232  75  59  49  49  59  75 232 254 177  49  49
 49  49 177 232  49  49  49  56  63  49  49  49 232 177  49  49
 49  49 177  75  49  49  97 163 196 119  71  49  75 177  49  49
 49  49  97  59  49  97 226 254 254 247 119  49  59  97  49  49
 49  49  49  49  49 126 254 254 254 254 201  64  49  49  49  49
 49  49  49  49  49 126 254 254 254 254 169  58  49  49  49  49
 49  49  97  59  49  97 225 254 254 226  97  49  59  97  49  49
 49  49 177  75  49  49  97 126 126  97  49  49  75 177  49  49
 49  49 177 232  49  49  49  49  49  49  49  49 232 177  49  49
 49  49 177 254 232  75  59  49  49  59  75 232 254 177  49  49
 49  49 129 177 177 177  97  49  49  97 177 177 177 129  49  49
 49  49  49  49  49  49  49  49  49  49  49  49  49  49  49  49
 49  49  49  49  49  49  49  49  49  49  49  49  49  49  49  49
 30  30  30  30  30  30  30  30  30  30  30  30  30  30  30  30
 30  30  30  30  30  30  30  30  30  30  30  30  30  30  30  30
 30  30 117 169 169 169  82  30  30  82 169 169 169 117  30  30
 30  30 169 252 228  58  40  30  30  40  58 228 252 169  30  30
 30  30 169 228  30  30  30  41  47  30  30  30 228 169  30  30
 30  30 169  58  30  31  83 167 200 106  54  30  58 169  30  30
 30  30  82  40  30  83 221 252 252 245 106  30  40  82  30  30
 30  30  30  30  30 113 252 252 252 252 204  48  30  30  30  30
 30  30  30  30  30 113 252 252 252 252 174  42  30  30  30  30
 30  30  82  40  30  82 221 252 252 221  83  30  40  82  30  30
 30  30 169  58  30  30  82 113 113  83  31  30  58 169  30  30
 30  30 169 228  30  30  30  30  30  30  30  30 228 169  30  30
 30  30 169 252 228  58  40  30  30  40  58 228 252 169  30  30
 30  30 117 169 169 169  82  30  30  82 169 169 169 117  30  30
 30  30  30  30  30  30  30  30  30  30  30  30  30  30  30  30
 30  30  30  30  30  30  30  30  30  30  30  30  30  30  30  30

 53  53  53  53  53  53  53  53  53  53  53  53  53  53  53  53
 53  53  53  53  53  53  53  53  53  53  53  53  53  53  53  53
 53  53  94 141 143 119  68  53  53  70 122 143 141  94  53  53
 53  53 141 241 196  69  56  53  53  56  70 205 241 141  53  53
 53  53 143 197  54  53  55  65  65  55  53  55 206 143  53  53
 53  53 119  69  53  68 127 193 191 123  67  53  71 125  53  53
 53  53  68  56  55 127 240 254 254 237 119  54  57  74  53  53
 53  53  53  53  65 192 254 255 255 254 180  63  53  53  53  53
 53  53  53  53  65 190 254 255 255 254 178  62  53  53  53  53
 53  53  70  56  54 122 237 254 254 235 116  54  57  76  53  53
 53  53 122  70  53  67 119 179 178 116  65  53  73 127  53  53
 53  53 143 205  55  53  54  63  62  54  53  56 213 143  53  53
 53  53 141 241 206  71  57  53  53  57  73 213 241 141  53  53
 53  53  94 141 143 125  74  53  53  76 127 143 141  94  53  53
 53  53  53  53  53  53  53  53  53  53  53  53  53  53  53  53
 53  53  53  53  53  53  53  53  53  53  53  53  53  53  53  53
 49  49  49  49  49  49  49  49  49  49  49  49  49  49  49  49
 49  49  49  49  49  49  49  49  49  49  49  49  49  49  49  49
 49  49  91 138 141 117  64  49  49  66 119 141 138  91  49  49
 49  49 138 240 195  65  52  49  49  52  66 203 240 138  49  49
 49  49 141 195  50  49  51  62  61  51  49  51 205 141  49  49
 49  49 117  65  49  65 125 191 189 120  63  49  68 123  49  49
 49  49  64  52  51 124 239 253 253 237 117  50  53  70  49  49
 49  49  49  49  62 191 253 254 254 253 179  59  49  49  49  49
 49  49  49  49  61 188 253 254 254 253 176  59  49  49  49  49
 49  49  66  52  51 120 236 253 253 234 113  50  53  73  49  49
 49  49 120  67  49  63 116 177 175 113  61  49  70 125  49  49
 49  49 141 203  51  49  50  59  59  50  49  52 211 141  49  49
 49  49 138 240 206  68  53  49  49  53  70 211 240 138  49  49
 49  49  91 138 141 123  71  49  49  73 125 141 138  91  49  49
 49  49  49  49  49  49  49  49  49  49  49  49  49  49  49  49
 49  49  49  49  49  49  49  49  49  49  49  49  49  49  49  49
 30  30  30  30  30  30  30  30  30  30  30  30  30  30  30  30
 30  30  30  30  30  30  30  30  30  30  30  30  30  30  30  30
 30  30  76 128 130 105  47  30  30  49 107 130 128  76  30  30
 30  30 128 237 189  48  33  30  30  33  49 198 237 128  30  30
 30  30 130 189  31  30  32  44  44  32  30  32 200 131  30  30
 30  30 105  48  30  47 112 185 183 108  45  30  51 111  30  30
 30  30  47  33  32 112 236 251 251 233 104  31  34  54  30  30
 30  30  30  30  44 184 251 252 252 251 171  41  30  30  30  30
 30  30  30  30  43 181 251 252 252 251 168  41  30  30  30  30
 30  30  50  34  32 107 233 251 251 230 100  31  35  57  30  30
 30  30 107  49  30  45 103 170 168 100  43  30  53 113  30  30
 30  30 130 198  32  30  31  41  41  31  30  33 207 131  30  30
 30  30 128 237 201  51  35  30  30  35  53 207 237 128  30  30
 30  30  76 128 131 111  55  30  30  57 113 131 128  76  30  30
 30  30  30  30  30  30  30  30  30  30  30  30  30  30  30  30
 30  30  30  30  30  30  30  30  30  30  30  30  30  30  30  30

 53  53  53  53  53  53  53  53  53  53  53  53  53  53  53  53
 53  53  53  53  53  53  53  53  53  53  53  53  53  53  53  53
 53  53  94 141 144 126  74  53  54  76 127 144 141  94  53  53
 53  53 141 241 207  72  57  53  53  58  73 213 241 141  53  53
 53  53 143 205  55  53  54  63  63  54  53  56 213 144  53  53
 53  53 122  71  53  67 120 181 178 116  66  53  73 128  53  53
 53  53  70  56  55 123 238 255 255 235 116  54  58  77  53  53
 53  53  53  53  66 191 255 255 255 255 178  63  53  54  53  53
 53  53  53  53  66 193 255 255 255 255 180  63  53  53  53  53
 53  53  68  56  56 128 240 255 255 238 120  54  57  75  53  53
 53  53 120  69  53  69 127 193 191 123  67  53  72 126  53  53
 53  53 143 196  55  53  56  66  65  55  53  55 207 144  53  53
 53  53 141 241 197  69  56  53  53  56  71 206 241 141  53  53
 53  53  94 141 143 120  68  53  53  70 123 143 141  94  53  53
 53  53  53  53  53  53  53  53  53  53  53  53  53  53  53  53
 53  53  53  53  53  53  53  53  53  53  53  53  53  53  53  53
 49  49  49  49  49  49  49  49  49  49  49  49  49  49  49  49
 49  49  49  49  49  49  49  49  49  49  49  49  49  49  49  49
 49  49  91 139 141 123  71  49  50  73 125 142 139  91  49  49
 49  49 139 240 205  68  53  49  49  54  70 212 240 139  49  49
 49  49 141 204  51  49  50  60  59  50  49  52 212 142  49  49
 49  49 120  67  49  63 118 179 177 113  62  49  70 125  49  49
 49  49  66  52  51 121 237 254 254 234 113  50  54  73  49  49
 49  49  49  49  62 190 254 254 254 254 176  59  49  50  49  49
 49  49  49  49  62 192 254 254 254 254 178  59  49  49  49  49
 49  49  64  52  52 125 239 254 254 237 117  50  53  71  49  49
 49  49 117  65  49  65 125 192 189 121  63  49  68 123  49  49
 49  49 141 196  51  49  52  62  62  51  49  51 206 141  49  49
 49  49 139 240 196  65  52  49  49  53  67 204 240 139  49  49
 49  49  91 139 141 117  65  49  49  67 120 141 139  91  49  49
 49  49  49  49  49  49  49  49  49  49  49  49  49  49  49  49
 49  49  49  49  49  49  49  49  49  49  49  49  49  49  49  49
 30  30  30  30  30  30  30  30  30  30  30  30  30  30  30  30
 30  30  30  30  30  30  30  30  30  30  30  30  30  30  30  30
 30  30  76 128 131 112  55  31  31  57 114 131 128  76  30  30
 30  30 128 237 201  51  35  30  30  35  54 208 237 128  30  30
 30  30 131 198  32  30  32  42  41  31  30  34 208 131  30  30
 30  30 108  50  30  46 104 171 169 100  44  30  54 114  30  30
 30  30  50  34  32 108 234 252 252 230 100  31  35  57  30  30
 30  30  30  30  44 183 252 252 252 252 168  41  30  31  30  30
 30  30  30  30  44 185 252 252 252 252 171  42  30  31  30  30
 30  30  48  34  33 113 236 252 252 233 104  32  35  55  30  30
 30  30 105  48  30  48 112 185 182 108  46  30  51 112  30  30
 30  30 131 189  32  30  33  44  44  32  30  32 201 131  30  30
 30  30 128 237 189  48  34  30  30  34  50 199 237 128  30  30
 30  30  76 128 131 105  48  30  30  50 108 131 128  76  30  30
 30  30  30  30  30  30  30  30  30  30  30  30  30  30  30  30
 30  30  30  30  30  30  30  30  30  30  30  30  30  30  30  30
